410.000 10.995
420.000 9.606
430.000 16.159
440.000 17.506
450.000 8.075
460.000 7.833
470.000 9.017
480.000 13.346
490.000 11.277
500.000 13.937
510.000 16.053
520.000 16.995
530.000 17.598
540.000 19.347
550.000 16.001
560.000 13.911
570.000 11.422
580.000 9.115
590.000 8.146
600.000 6.976
610.000 7.204
620.000 5.908
630.000 5.236
640.000 3.945
650.000 4.483
660.000 4.835
670.000 3.995
680.000 4.982
690.000 16.028
700.000 4.606
710.000 5.876
720.000 5.318
730.000 66.465
740.000 49.042
750.000 9.284
760.000 7.723
770.000 12.478
780.000 11.097
790.000 6.743
800.000 5.082
810.000 38.507
820.000 1.858
830.000 3.791
840.000 9.028
850.000 1.820
860.000 3.180
870.000 6.235
880.000 18.644
890.000 42.661
900.000 3.460
910.000 2.776
920.000 1.986
930.000 1.545
940.000 1.607
950.000 2.775
960.000 1.689
970.000 1.816
980.000 1.852
990.000 17.977
1000.000 9.003
1010.000 2.550
1020.000 3.071
1030.000 1.310
1040.000 1.281
1050.000 1.412
1060.000 0.807
1070.000 0.713
1080.000 1.170
1090.000 1.493
1100.000 0.987
1110.000 0.656
1120.000 0.945
1130.000 1.132
1140.000 85.609
1150.000 2.606
1160.000 2.072
1170.000 1.855
1180.000 1.319
1190.000 3.137
1200.000 1.541
1210.000 1.425
1220.000 2.031
1230.000 2.437
1240.000 2.921
1250.000 3.936
1260.000 4.294
1270.000 4.463
1280.000 3.599
1290.000 3.319
1300.000 5.442
1310.000 6.152
1320.000 2.105
1330.000 1.966
1340.000 1.751
1350.000 1.860
1360.000 1.831
1370.000 2.257
1380.000 1.915
1390.000 1.982
1400.000 1.874
1410.000 2.189
1420.000 2.707
1430.000 4.550
1440.000 14.752
1450.000 3.954
1460.000 4.618
1470.000 6.427
1480.000 7.643
1490.000 9.497
1500.000 7.716
1510.000 6.694
1520.000 4.839
1530.000 4.916
1540.000 3.665
1550.000 3.202
1560.000 3.132
1570.000 2.914
1580.000 3.733
1590.000 2.767
1600.000 12.285
1610.000 3.850
1620.000 2.845
1630.000 3.003
1640.000 3.173
1650.000 3.539
1660.000 3.828
1670.000 4.777
1680.000 5.258
1690.000 7.221
1700.000 9.076
1710.000 9.507
1720.000 7.908
1730.000 7.122
1740.000 12.357
1750.000 4.980
1760.000 3.862
1770.000 3.944
1780.000 4.001
1790.000 3.795
1800.000 3.747
1810.000 3.691
1820.000 3.816
1830.000 3.940
1840.000 4.048
1850.000 4.429
1860.000 4.657
1870.000 5.420
1880.000 5.867
1890.000 7.377
1900.000 11.014
1910.000 12.440
1920.000 14.854
1930.000 16.321
1940.000 13.684
1950.000 9.540
1960.000 8.120
1970.000 6.395
1980.000 5.702
1990.000 4.873
2000.000 4.286
2010.000 4.022
2020.000 3.768
2030.000 3.655
2040.000 8.986
2050.000 3.280
2060.000 3.339
2070.000 3.490
2080.000 3.510
2090.000 3.616
2100.000 4.471
2110.000 4.227
2120.000 5.142
2130.000 5.746
2140.000 7.426
2150.000 10.059
2160.000 11.860
2170.000 13.706
2180.000 12.035
2190.000 6.456
2200.000 5.514
2210.000 4.678
2220.000 3.590
2230.000 3.163
2240.000 2.753
2250.000 2.590
2260.000 2.224
2270.000 2.116
2280.000 2.063
2290.000 2.025
2300.000 2.026
2310.000 2.038
2320.000 2.106
2330.000 17.974
2340.000 2.666
2350.000 2.558
2360.000 3.547
2380.000 6.147
2390.000 6.367
2400.000 4.066
2410.000 2.427
2420.000 1.941
2430.000 1.427
2440.000 1.266
2450.000 1.007
2460.000 0.722
2470.000 0.955
2480.000 0.666
2490.000 1.333
2500.000 0.483
2510.000 0.494
2520.000 0.477
2530.000 0.442
2540.000 2.214
2550.000 0.575
2560.000 11.146
2570.000 1.401
2580.000 0.355
2590.000 0.378
2600.000 0.366
2610.000 0.413
2620.000 0.424
2630.000 0.437
2640.000 0.472
2650.000 0.579
2660.000 0.625
2670.000 0.712
2680.000 0.819
2690.000 0.861
2700.000 1.209
2710.000 0.709
2720.000 0.408
2730.000 0.344
2740.000 0.312
2750.000 0.180
2760.000 0.204
2770.000 0.216
2780.000 0.136
2790.000 0.123
2800.000 0.118
2810.000 0.083
2820.000 0.098
2830.000 0.072
2840.000 0.098
2850.000 0.106
2860.000 0.090
2870.000 0.062
2880.000 0.090
2890.000 0.032
2900.000 0.054
2910.000 0.064
2920.000 0.064
2930.000 0.074
2940.000 0.054
2950.000 0.053
2960.000 0.045
2970.000 0.060
2980.000 0.073
2990.000 0.068
3000.000 0.096
3010.000 0.094
3020.000 0.105
3030.000 0.057
3040.000 0.067
3050.000 0.491
3060.000 0.344
3070.000 0.776
3080.000 0.110
3090.000 0.064
3100.000 0.064
3110.000 0.066
3120.000 5.062
3130.000 0.087
3140.000 0.091
3150.000 0.084
3160.000 0.113
3170.000 0.120
3180.000 0.171
3190.000 0.137
3200.000 0.145
3210.000 0.233
3220.000 0.194
3230.000 0.193
3240.000 0.264
3250.000 0.254
3260.000 0.334
3270.000 0.318
3280.000 0.383
3290.000 0.447
3300.000 0.600
3310.000 0.732
3320.000 1.032
3330.000 1.432
3340.000 1.967
3350.000 3.158
3360.000 4.186
3370.000 5.872
3380.000 4.537
3390.000 3.665
3400.000 3.087
3410.000 2.933
3420.000 2.792
3430.000 2.894
3440.000 2.963
3450.000 3.416
3460.000 3.674
3470.000 4.420
3480.000 5.718
3490.000 6.852
3500.000 9.860
3510.000 12.070
3520.000 16.231
3530.000 13.817
3540.000 11.514
3550.000 8.793
3560.000 8.036
3570.000 7.329
3580.000 7.147
3590.000 7.375
3600.000 3.032
3610.000 7.926
3620.000 9.886
3630.000 12.637
3640.000 14.558
3650.000 18.866
3660.000 19.857
3670.000 16.624
3680.000 11.729
3690.000 10.253
3700.000 8.252
3710.000 7.676
3720.000 7.320
3730.000 6.126
3740.000 6.567
3750.000 6.853
3760.000 7.127
3770.000 8.120
3780.000 8.959
3790.000 11.374
3800.000 13.405
3810.000 11.516
3820.000 11.875
3830.000 9.490
3840.000 6.414
3850.000 4.764
3860.000 4.223
3870.000 3.443
3880.000 3.193
3890.000 2.787
3900.000 2.542
3910.000 2.412
3920.000 2.298
3930.000 2.269
3940.000 2.194
3950.000 2.317
3960.000 2.365
3970.000 2.495
3980.000 2.639
3990.000 3.004
4000.000 3.627
4010.000 4.082
4020.000 5.487
4030.000 6.414
4040.000 8.502
4050.000 7.709
4060.000 6.129
4070.000 4.176
4080.000 3.415
4090.000 2.626
4100.000 2.221
4110.000 1.989
4120.000 1.775
4130.000 1.677
4140.000 3.356
4150.000 1.532
4160.000 1.461
4170.000 1.469
4180.000 2.521
4190.000 1.533
4200.000 1.591
4210.000 1.657
4220.000 1.851
4230.000 1.927
4240.000 2.265
4250.000 2.757
4260.000 3.162
4270.000 4.317
4280.000 4.884
4290.000 6.002
4300.000 4.399
4310.000 3.598
4320.000 2.522
4330.000 2.143
4340.000 1.818
4350.000 1.516
4360.000 1.505
4370.000 1.366
4380.000 1.324
4390.000 1.319
4400.000 1.333
4410.000 1.324
4420.000 1.361
4430.000 1.461
4440.000 1.592
4450.000 1.880
4460.000 2.045
4470.000 2.547
4480.000 2.938
4490.000 4.077
4500.000 5.936
4510.000 6.905
4520.000 7.082
4530.000 5.949
4540.000 4.170
4550.000 3.358
4560.000 3.138
4570.000 2.818
4580.000 2.755
4590.000 2.715
4600.000 2.912
4610.000 2.954
4620.000 3.409
4630.000 3.628
4640.000 4.501
4650.000 5.927
4660.000 6.790
4670.000 7.921
4680.000 7.468
4690.000 5.551
4700.000 3.744
4710.000 3.240
4720.000 2.583
4730.000 2.363
4740.000 2.053
4750.000 1.886
4760.000 1.813
4770.000 1.941
4780.000 2.049
4790.000 2.403
4800.000 3.074
4810.000 3.554
4820.000 3.984
4830.000 3.640
4840.000 2.406
4850.000 1.777
4860.000 1.610
4870.000 1.359
4880.000 1.287
4890.000 1.196
4900.000 1.154
4910.000 1.177
4920.000 1.182
4930.000 1.209
4940.000 1.374
4950.000 1.575
4960.000 1.763
4970.000 2.315
4980.000 2.449
4990.000 3.542
5000.000 3.826
5010.000 3.156
5020.000 2.055
5030.000 1.762
5040.000 1.469
5050.000 1.240
5060.000 1.069
5070.000 0.966
5080.000 0.954
5090.000 0.934
5100.000 0.968
5110.000 1.067
5120.000 1.280
5130.000 1.373
5140.000 1.316
5150.000 1.048
5160.000 0.598
5170.000 0.355
5180.000 0.290
5190.000 0.235
5200.000 0.179
5210.000 0.167
5220.000 0.147
5230.000 0.112
5240.000 0.079
5250.000 0.089
5260.000 0.057
5270.000 0.070
5280.000 0.062
5290.000 0.060
5300.000 0.066
5310.000 0.060
5320.000 0.058
5330.000 0.068
5340.000 0.055
5350.000 0.058
5360.000 0.037
5370.000 0.051
5380.000 0.063
5390.000 0.052
5400.000 0.055
5410.000 0.056
5420.000 0.059
5430.000 0.052
5440.000 0.062
5450.000 0.028
5460.000 0.057
5470.000 0.024
5480.000 0.042
5490.000 0.072
5500.000 0.034
5510.000 0.043
5520.000 0.053
5530.000 0.053
5540.000 0.034
5550.000 0.044
5560.000 0.059
5570.000 0.047
5580.000 0.023
5590.000 0.052
5600.000 0.211
5610.000 0.041
5620.000 0.044
5630.000 0.072
5640.000 0.043
5650.000 0.066
5660.000 0.083
5670.000 0.045
5680.000 0.046
5690.000 0.053
5700.000 0.065
5710.000 0.082
5720.000 0.065
5730.000 0.389
5740.000 0.044
5750.000 0.029
5760.000 0.084
5770.000 0.037
5780.000 0.054
5790.000 0.054
5800.000 0.045
5810.000 0.047
5820.000 0.064
5830.000 0.041
5840.000 0.039
5850.000 0.050
5860.000 0.037
5870.000 0.029
5880.000 0.060
5890.000 0.042
5900.000 0.056
5910.000 0.040
5920.000 0.018
5930.000 0.061
5940.000 0.036
5950.000 0.043
5960.000 0.045
5970.000 0.055
5980.000 0.041
5990.000 0.030
6000.000 0.030
