410.000 6.063
420.000 6.469
430.000 9.883
440.000 12.242
450.000 18.665
460.000 31.596
470.000 37.637
480.000 42.150
490.000 31.774
500.000 19.836
510.000 14.161
520.000 12.331
530.000 9.698
540.000 10.159
550.000 7.799
560.000 6.959
570.000 6.580
580.000 6.027
590.000 6.227
600.000 5.654
610.000 5.736
620.000 5.654
630.000 5.502
640.000 5.476
650.000 5.876
660.000 8.334
670.000 8.276
680.000 12.866
690.000 15.982
700.000 22.456
710.000 17.154
720.000 12.674
730.000 7.721
740.000 5.432
750.000 3.824
760.000 3.441
770.000 3.478
780.000 2.924
790.000 2.798
800.000 2.513
810.000 2.468
820.000 2.261
830.000 2.445
840.000 1.924
850.000 1.998
860.000 2.423
880.000 2.082
890.000 2.879
900.000 3.216
910.000 3.508
920.000 5.456
930.000 6.480
940.000 5.762
950.000 3.890
960.000 2.316
970.000 1.713
980.000 1.532
990.000 1.392
1000.000 1.038
1010.000 0.882
1020.000 0.852
1030.000 0.856
1040.000 0.993
1050.000 0.754
1060.000 0.840
1070.000 0.838
1080.000 0.895
1090.000 1.020
1100.000 1.134
1110.000 1.359
1120.000 1.877
1130.000 2.082
1140.000 3.197
1150.000 4.007
1160.000 4.761
1170.000 3.262
1180.000 2.663
1190.000 2.088
1200.000 1.775
1210.000 1.531
1220.000 1.339
1230.000 1.386
1240.000 1.297
1250.000 1.308
1260.000 1.271
1270.000 1.421
1280.000 1.429
1290.000 1.512
1300.000 1.707
1310.000 1.982
1320.000 2.197
1330.000 2.602
1340.000 3.566
1350.000 4.230
1360.000 6.246
1370.000 8.550
1380.000 8.433
1390.000 5.326
1400.000 4.492
1410.000 3.224
1420.000 2.736
1430.000 2.542
1440.000 2.195
1450.000 2.186
1460.000 2.113
1470.000 2.036
1480.000 2.103
1490.000 2.140
1500.000 2.303
1510.000 2.358
1520.000 2.706
1530.000 2.983
1540.000 3.582
1550.000 4.199
1560.000 5.586
1570.000 7.768
1580.000 9.450
1590.000 10.058
1600.000 8.394
1610.000 5.399
1620.000 4.000
1630.000 3.328
1640.000 2.803
1650.000 2.656
1660.000 2.294
1670.000 2.076
1680.000 1.997
1690.000 1.894
1700.000 1.961
1710.000 2.107
1720.000 2.442
1730.000 2.699
1740.000 3.370
1750.000 3.819
1760.000 4.980
1770.000 6.880
1780.000 8.359
1790.000 12.450
1800.000 14.638
1810.000 13.702
1820.000 8.425
1830.000 7.009
1840.000 5.399
1850.000 4.870
1860.000 4.160
1870.000 3.655
1880.000 3.592
1890.000 3.398
1900.000 3.354
1910.000 3.296
1920.000 3.352
1930.000 3.488
1940.000 3.693
1950.000 3.893
1960.000 4.319
1970.000 5.055
1980.000 5.577
1990.000 7.106
2000.000 8.149
2010.000 10.935
2020.000 13.243
2030.000 12.825
2040.000 9.216
2050.000 7.661
2060.000 5.699
2070.000 4.655
2080.000 4.208
2090.000 3.615
2100.000 3.425
2110.000 3.157
2120.000 3.044
2130.000 2.923
2140.000 2.917
2150.000 2.900
2160.000 3.051
2170.000 3.144
2180.000 3.477
2190.000 4.004
2200.000 4.410
2210.000 5.649
2220.000 6.477
2230.000 8.581
2240.000 9.287
2250.000 7.929
2260.000 5.027
2270.000 4.195
2280.000 3.114
2290.000 2.489
2300.000 2.297
2310.000 2.027
2320.000 1.906
2330.000 1.769
2340.000 1.724
2350.000 1.702
2360.000 1.777
2370.000 1.820
2380.000 2.075
2390.000 2.653
2400.000 3.126
2410.000 4.325
2420.000 4.523
2430.000 2.723
2440.000 1.429
2450.000 1.134
2460.000 0.773
2470.000 0.659
2480.000 0.489
2490.000 0.367
2500.000 0.375
2510.000 0.273
2520.000 0.272
2530.000 0.205
2540.000 1.161
2550.000 0.607
2560.000 0.157
2570.000 0.103
2580.000 0.144
2590.000 0.106
2600.000 0.087
2610.000 0.076
2620.000 0.118
2630.000 0.114
2640.000 0.110
2650.000 0.104
2660.000 0.108
2670.000 0.073
2680.000 0.079
2690.000 0.108
2700.000 0.072
2710.000 0.103
2720.000 0.091
2730.000 0.061
2740.000 0.086
2750.000 0.113
2760.000 0.107
2770.000 0.120
2780.000 0.132
2790.000 0.150
2800.000 0.134
2810.000 0.168
2820.000 0.143
2830.000 0.169
2840.000 0.225
2850.000 0.320
2860.000 0.416
2870.000 0.572
2880.000 0.726
2890.000 0.588
2900.000 0.423
2910.000 0.297
2920.000 0.200
2930.000 0.247
2940.000 0.195
2950.000 0.176
2960.000 0.142
2970.000 0.185
2980.000 0.119
2990.000 0.086
3000.000 0.152
3010.000 0.170
3020.000 0.147
3030.000 0.108
3040.000 0.105
3050.000 0.109
3060.000 0.146
3070.000 0.143
3080.000 0.127
3090.000 0.124
3100.000 0.159
3110.000 0.129
3120.000 0.126
3130.000 0.117
3140.000 0.123
3150.000 0.129
3160.000 0.130
3170.000 0.150
3180.000 0.156
3190.000 0.164
3200.000 0.216
3210.000 0.227
3220.000 0.190
3230.000 0.254
3240.000 0.279
3250.000 0.290
3260.000 0.356
3270.000 0.377
3280.000 0.504
3290.000 0.560
3300.000 0.733
3310.000 0.977
3320.000 1.225
3330.000 1.862
3340.000 2.382
3350.000 3.626
3360.000 3.999
3370.000 3.458
3380.000 2.704
3390.000 2.454
3400.000 2.306
3410.000 2.321
3420.000 2.333
3430.000 2.597
3440.000 2.798
3450.000 3.411
3460.000 4.547
3470.000 5.410
3480.000 7.833
3490.000 9.118
3500.000 8.898
3510.000 5.853
3520.000 4.972
3530.000 3.883
3540.000 3.642
3550.000 3.201
3560.000 3.009
3570.000 2.939
3580.000 2.960
3590.000 3.013
3600.000 3.241
3610.000 3.647
3620.000 3.856
3630.000 4.718
3640.000 5.316
3650.000 7.201
3660.000 10.402
3670.000 12.345
3680.000 14.351
3690.000 12.460
3700.000 8.150
3710.000 6.178
3720.000 5.582
3730.000 4.769
3740.000 4.566
3750.000 4.297
3760.000 4.245
3770.000 4.310
3780.000 4.554
3790.000 4.739
3800.000 5.446
3810.000 6.540
3820.000 7.325
3830.000 9.895
3840.000 12.039
3850.000 16.774
3860.000 18.713
3870.000 15.710
3880.000 10.541
3890.000 9.115
3900.000 7.459
3910.000 6.949
3920.000 6.342
3930.000 6.144
3940.000 6.164
3950.000 6.493
3960.000 6.855
3970.000 8.038
3980.000 10.020
3990.000 11.505
4000.000 14.465
4010.000 15.062
4020.000 11.719
4030.000 7.878
4040.000 6.702
4050.000 5.191
4060.000 4.651
4070.000 4.001
4080.000 3.589
4090.000 3.495
4100.000 3.312
4110.000 3.361
4120.000 3.391
4130.000 3.605
4140.000 3.834
4150.000 4.490
4160.000 5.029
4170.000 6.562
4180.000 8.910
4190.000 9.931
4200.000 8.547
4210.000 6.615
4220.000 4.308
4230.000 3.110
4240.000 2.676
4250.000 2.191
4260.000 1.983
4270.000 1.758
4280.000 1.578
4290.000 1.525
4300.000 1.448
4310.000 1.491
4320.000 1.539
4330.000 1.606
4340.000 1.688
4350.000 1.909
4360.000 2.084
4370.000 2.587
4380.000 3.489
4390.000 4.030
4400.000 4.981
4410.000 4.767
4420.000 3.100
4430.000 2.108
4440.000 1.817
4450.000 1.449
4460.000 1.325
4470.000 1.149
4480.000 1.053
4490.000 0.968
4500.000 0.937
4510.000 0.941
4520.000 0.944
4530.000 0.957
4540.000 1.063
4550.000 1.168
4560.000 1.214
4570.000 1.502
4580.000 1.939
4590.000 2.243
4600.000 3.184
4610.000 3.735
4620.000 4.013
4630.000 2.651
4640.000 2.206
4650.000 1.651
4660.000 1.481
4670.000 1.193
4680.000 1.052
4690.000 0.982
4700.000 0.945
4710.000 0.876
4720.000 0.871
4730.000 0.816
4740.000 0.813
4750.000 0.845
4760.000 0.874
4770.000 0.989
4780.000 1.203
4790.000 1.366
4800.000 1.882
4810.000 2.180
4820.000 2.476
4830.000 1.804
4840.000 1.519
4850.000 1.202
4860.000 1.093
4870.000 0.991
4880.000 0.953
4890.000 0.928
4900.000 0.991
4910.000 0.981
4920.000 1.104
4930.000 1.187
4940.000 1.331
4950.000 1.641
4960.000 1.886
4970.000 2.605
4980.000 3.684
4990.000 4.277
5000.000 4.518
5010.000 3.947
5020.000 2.821
5030.000 2.234
5040.000 2.062
5050.000 1.882
5060.000 1.825
5070.000 1.809
5080.000 1.828
5090.000 1.987
5100.000 2.306
5110.000 2.554
5120.000 3.098
5130.000 3.259
5140.000 2.611
5150.000 1.555
5160.000 1.228
5170.000 0.862
5180.000 0.796
5190.000 0.516
5200.000 0.420
5210.000 0.403
5220.000 0.323
5230.000 0.324
5240.000 0.289
5250.000 0.268
5260.000 0.275
5270.000 0.310
5280.000 0.347
5290.000 0.384
5300.000 0.421
5310.000 0.356
5320.000 0.207
5330.000 0.126
5340.000 0.137
5350.000 0.110
5360.000 0.093
5370.000 0.081
5380.000 0.077
5390.000 0.084
5400.000 0.073
5410.000 0.081
5420.000 0.064
5430.000 0.067
5440.000 0.055
5450.000 0.072
5460.000 0.063
5470.000 0.065
5480.000 0.070
5490.000 0.049
5500.000 0.047
5510.000 0.063
5520.000 0.052
5530.000 0.051
5540.000 0.066
5550.000 0.037
5560.000 0.043
5570.000 0.041
5580.000 0.030
5590.000 0.055
5600.000 0.074
5610.000 0.017
5620.000 0.055
5630.000 0.039
5640.000 0.035
5650.000 0.038
5660.000 0.044
5670.000 0.048
5680.000 0.070
5690.000 0.030
5700.000 0.040
5710.000 0.042
5720.000 0.075
5730.000 0.068
5740.000 0.041
5750.000 0.052
5760.000 0.049
5770.000 0.023
5780.000 0.045
5790.000 0.025
5800.000 0.050
5810.000 0.043
5820.000 0.076
5830.000 0.063
5840.000 0.050
5850.000 0.036
5860.000 0.033
5870.000 0.043
5880.000 0.059
5890.000 0.035
5900.000 0.070
5910.000 0.038
5920.000 0.036
5930.000 0.061
5940.000 0.041
5950.000 0.038
5960.000 0.046
5970.000 0.041
5980.000 0.021
5990.000 0.044
6000.000 0.036
