110.000 1.484
120.000 1.663
130.000 1.565
140.000 1.048
150.000 1.314
160.000 1.631
170.000 0.862
180.000 1.964
190.000 1.086
200.000 2.046
210.000 1.093
220.000 1.479
230.000 1.458
240.000 1.191
250.000 1.368
260.000 1.899
270.000 1.119
280.000 1.268
290.000 1.709
300.000 1.792
310.000 2.269
320.000 1.874
330.000 2.189
340.000 2.224
350.000 3.975
360.000 2.501
370.000 3.092
380.000 3.199
390.000 3.821
400.000 4.537
410.000 4.865
420.000 6.413
430.000 7.091
440.000 7.921
450.000 9.600
460.000 10.282
470.000 11.908
480.000 12.634
490.000 13.759
500.000 15.597
510.000 15.717
520.000 17.252
530.000 18.665
540.000 22.964
550.000 28.771
560.000 31.474
570.000 43.738
580.000 52.753
590.000 65.157
600.000 48.397
610.000 37.181
620.000 24.049
630.000 19.154
640.000 14.932
650.000 11.965
660.000 9.763
670.000 7.919
680.000 6.652
690.000 6.963
700.000 6.102
710.000 5.500
720.000 4.407
730.000 4.247
740.000 3.429
750.000 3.236
760.000 2.924
770.000 2.490
780.000 2.709
790.000 2.450
800.000 2.055
810.000 2.136
820.000 1.931
830.000 1.654
840.000 1.717
850.000 1.625
860.000 1.532
870.000 1.401
880.000 1.522
890.000 1.220
900.000 1.127
910.000 1.102
920.000 0.989
930.000 0.988
940.000 1.007
950.000 0.934
960.000 1.213
970.000 0.961
980.000 1.100
990.000 0.996
1000.000 1.082
1010.000 0.983
1020.000 1.049
1030.000 1.098
1040.000 1.180
1050.000 1.231
1060.000 1.347
1070.000 1.628
1080.000 1.601
1090.000 1.982
1100.000 2.324
1110.000 2.901
1120.000 4.079
1130.000 4.880
1140.000 8.097
1150.000 10.361
1160.000 12.655
1170.000 6.386
1180.000 5.307
1190.000 3.878
1200.000 3.401
1210.000 2.881
1220.000 2.607
1230.000 2.402
1240.000 2.193
1250.000 2.098
1260.000 1.945
1270.000 1.905
1280.000 1.781
1290.000 1.750
1300.000 1.634
1310.000 1.656
1320.000 1.626
1330.000 1.618
1340.000 1.554
1350.000 1.553
1360.000 1.576
1370.000 1.586
1380.000 1.605
1390.000 1.641
1400.000 1.613
1410.000 1.740
1420.000 1.706
1430.000 1.728
1440.000 1.630
1450.000 1.810
1460.000 1.864
1470.000 1.870
1480.000 1.973
1490.000 2.022
1500.000 2.104
1510.000 2.202
1520.000 2.422
1530.000 2.442
1540.000 2.654
1550.000 2.720
1560.000 2.872
1570.000 3.100
1580.000 3.207
1590.000 3.531
1600.000 3.727
1610.000 4.068
1620.000 4.613
1630.000 4.845
1640.000 5.677
1650.000 5.943
1660.000 6.760
1670.000 7.994
1680.000 8.744
1690.000 11.183
1700.000 12.905
1710.000 18.207
1720.000 24.093
1730.000 24.686
1740.000 19.513
1750.000 17.136
1760.000 13.685
1770.000 11.475
1780.000 10.663
1790.000 9.426
1800.000 8.919
1810.000 8.154
1820.000 7.539
1830.000 7.298
1840.000 6.870
1850.000 6.744
1860.000 6.497
1870.000 6.229
1880.000 6.126
1890.000 5.966
1900.000 5.875
1910.000 5.804
1920.000 5.777
1930.000 5.773
1940.000 5.691
1950.000 5.639
1960.000 5.659
1970.000 5.700
1980.000 5.730
1990.000 5.723
2000.000 5.749
2010.000 5.851
2020.000 5.926
2030.000 5.947
2040.000 6.005
2050.000 6.108
2060.000 6.149
2070.000 6.359
2080.000 6.358
2090.000 6.577
2100.000 6.693
2110.000 6.866
2120.000 6.948
2130.000 7.235
2140.000 7.545
2150.000 7.749
2160.000 8.121
2170.000 8.422
2180.000 8.911
2190.000 9.452
2200.000 9.843
2210.000 10.729
2220.000 11.357
2230.000 12.506
2240.000 13.981
2250.000 14.752
2260.000 17.568
2270.000 18.958
2280.000 22.585
2290.000 27.662
2300.000 30.038
2310.000 33.157
2320.000 32.614
2330.000 27.723
2340.000 22.504
2350.000 20.043
2360.000 16.050
2370.000 14.603
2380.000 12.195
2390.000 10.541
2400.000 9.829
2410.000 8.760
2420.000 8.172
2430.000 7.414
2440.000 6.768
2450.000 6.499
2460.000 6.022
2470.000 5.779
2480.000 5.453
2490.000 5.114
2500.000 4.973
2510.000 4.781
2520.000 4.664
2530.000 4.465
2540.000 4.320
2550.000 4.240
2560.000 4.146
2570.000 4.078
2580.000 4.000
2590.000 3.965
2600.000 3.938
2610.000 3.923
2620.000 3.888
2630.000 3.911
2640.000 3.928
2650.000 3.955
2660.000 3.966
2670.000 4.030
2680.000 4.140
2690.000 4.211
2700.000 4.286
2710.000 4.505
2720.000 4.574
2730.000 4.799
2740.000 5.113
2750.000 5.238
2760.000 5.681
2770.000 5.908
2780.000 6.531
2790.000 7.272
2800.000 7.751
2810.000 8.937
2820.000 9.745
2830.000 11.910
2840.000 15.265
2850.000 17.719
2860.000 25.225
2870.000 30.744
2880.000 41.806
2890.000 33.344
2900.000 24.809
2910.000 16.387
2920.000 13.719
2930.000 10.613
2940.000 8.580
2950.000 7.917
2960.000 6.687
2970.000 6.260
2980.000 5.546
2990.000 4.968
3000.000 4.739
3010.000 4.320
3020.000 4.135
3030.000 3.828
3040.000 3.631
3050.000 3.498
3060.000 3.314
3070.000 3.270
3080.000 3.101
3090.000 2.976
3100.000 2.909
3110.000 2.857
3120.000 2.824
3130.000 2.758
3140.000 2.688
3150.000 2.653
3160.000 2.691
3170.000 2.650
3180.000 2.637
3190.000 2.640
3200.000 2.630
3210.000 2.696
3220.000 2.714
3230.000 2.723
3240.000 2.822
3250.000 2.811
3260.000 2.942
3270.000 2.956
3280.000 3.092
3290.000 3.234
3300.000 3.344
3310.000 3.542
3320.000 3.680
3330.000 3.974
3340.000 4.153
3350.000 4.597
3360.000 5.101
3370.000 5.414
3380.000 6.302
3390.000 6.861
3400.000 8.279
3410.000 10.525
3420.000 12.143
3430.000 17.216
3440.000 21.101
3450.000 31.150
3460.000 30.462
3470.000 22.573
3480.000 13.862
3490.000 11.614
3500.000 8.778
3510.000 7.038
3520.000 6.402
3530.000 5.491
3540.000 5.071
3550.000 4.473
3560.000 4.024
3570.000 3.846
3580.000 3.448
3590.000 3.365
3600.000 3.133
3610.000 2.930
3620.000 2.857
3630.000 2.648
3640.000 2.643
3650.000 2.500
3660.000 2.440
3670.000 2.381
3680.000 2.263
3690.000 2.289
3700.000 2.216
3710.000 2.198
3720.000 2.169
3730.000 2.146
3740.000 2.152
3750.000 2.140
3760.000 2.132
3770.000 2.166
3780.000 2.162
3790.000 2.175
3800.000 2.194
3810.000 2.270
3820.000 2.278
3830.000 2.392
3840.000 2.419
3850.000 2.498
3860.000 2.592
3870.000 2.676
3880.000 2.841
3890.000 2.958
3900.000 3.163
3910.000 3.321
3920.000 3.630
3930.000 4.017
3940.000 4.312
3950.000 4.952
3960.000 5.350
3970.000 6.446
3980.000 8.178
3990.000 9.402
4000.000 13.158
4010.000 15.996
4020.000 22.859
4030.000 21.933
4040.000 16.631
4050.000 10.369
4060.000 7.500
4070.000 6.567
4080.000 5.306
4090.000 4.784
4100.000 4.092
4110.000 3.551
4120.000 3.344
4130.000 2.988
4140.000 2.832
4150.000 2.601
4160.000 2.372
4170.000 2.315
4180.000 2.109
4190.000 2.062
4200.000 1.963
4210.000 1.841
4220.000 1.830
4230.000 1.734
4240.000 1.659
4250.000 1.559
4260.000 1.511
4270.000 1.449
4280.000 1.383
4290.000 1.382
4300.000 1.390
4310.000 1.379
4320.000 1.362
4330.000 1.383
4340.000 1.388
4350.000 1.387
4360.000 1.435
4370.000 1.478
4380.000 1.493
4390.000 1.510
4400.000 1.559
4410.000 1.656
4420.000 1.660
4430.000 1.763
4440.000 1.796
4450.000 1.917
4460.000 2.074
4470.000 2.180
4480.000 2.427
4490.000 2.550
4500.000 2.860
4510.000 3.128
4520.000 3.606
4530.000 4.340
4540.000 4.835
4550.000 6.249
4560.000 7.200
4570.000 10.265
4580.000 15.668
4590.000 19.218
4600.000 21.571
4610.000 17.185
4620.000 10.425
4630.000 7.561
4640.000 6.700
4650.000 5.474
4660.000 4.993
4670.000 4.278
4680.000 3.733
4690.000 3.517
4700.000 3.145
4710.000 2.958
4720.000 2.627
4730.000 2.346
4740.000 2.227
4750.000 2.004
4760.000 1.868
4770.000 1.725
4780.000 1.643
4790.000 1.549
4800.000 1.487
4810.000 1.499
4820.000 1.476
4830.000 1.511
4840.000 1.583
4850.000 1.665
4860.000 1.749
4870.000 1.870
4880.000 1.999
4890.000 2.093
4900.000 2.291
4910.000 2.356
4920.000 2.622
4930.000 2.829
4940.000 2.997
4950.000 3.350
4960.000 3.495
4970.000 3.905
4980.000 4.337
4990.000 4.581
5000.000 5.133
5010.000 5.391
5020.000 6.099
5030.000 6.885
5040.000 7.339
5050.000 8.299
5060.000 8.871
5070.000 10.193
5080.000 11.066
5090.000 12.916
5100.000 15.313
5110.000 16.775
5120.000 20.555
5130.000 23.086
5140.000 29.916
5150.000 40.351
5160.000 46.878
5170.000 57.644
5180.000 56.997
5190.000 42.139
5200.000 29.382
5210.000 25.248
5220.000 19.550
5230.000 17.505
5240.000 14.446
5250.000 12.229
5260.000 11.348
5270.000 9.929
5280.000 9.347
5290.000 8.365
5300.000 7.565
5310.000 7.242
5320.000 6.630
5330.000 6.410
5340.000 5.956
5350.000 5.581
5360.000 5.432
5370.000 5.163
5380.000 5.016
5390.000 4.801
5400.000 4.633
5410.000 4.551
5420.000 4.394
5430.000 4.371
5440.000 4.299
5450.000 4.198
5460.000 4.189
5470.000 4.129
5480.000 4.171
5490.000 4.176
5500.000 4.197
5510.000 4.209
5520.000 4.273
5530.000 4.326
5540.000 4.421
5550.000 4.566
5560.000 4.636
5570.000 4.845
5580.000 4.959
5590.000 5.192
5600.000 5.511
5610.000 5.716
5620.000 6.092
5630.000 6.392
5640.000 7.000
5650.000 7.842
5660.000 8.299
5670.000 9.677
5680.000 10.504
5690.000 12.801
5700.000 16.293
5710.000 18.828
5720.000 26.384
5730.000 31.540
5740.000 40.863
5750.000 32.951
5760.000 25.623
5770.000 17.204
5780.000 14.727
5790.000 11.419
5800.000 9.316
5810.000 8.531
5820.000 7.313
5830.000 6.805
5840.000 6.012
5850.000 5.441
5860.000 5.193
5870.000 4.741
5880.000 4.560
5890.000 4.234
5900.000 3.999
5910.000 3.863
5920.000 3.669
5930.000 3.573
5940.000 3.450
5950.000 3.332
5960.000 3.268
5970.000 3.187
5980.000 3.144
5990.000 3.087
6000.000 3.015
6010.000 3.020
6020.000 2.957
6030.000 3.003
6040.000 2.975
6050.000 2.961
6060.000 2.999
6070.000 3.032
6080.000 3.030
6090.000 3.080
6100.000 3.193
6110.000 3.235
6120.000 3.340
6130.000 3.417
6140.000 3.574
6150.000 3.777
6160.000 3.846
6170.000 4.115
6180.000 4.253
6190.000 4.502
6200.000 4.868
6210.000 5.047
6220.000 5.563
6230.000 5.869
6240.000 6.691
6250.000 7.855
6260.000 8.679
6270.000 11.072
6280.000 12.672
6290.000 17.761
6300.000 21.644
6310.000 32.157
6320.000 34.266
6330.000 26.571
6340.000 15.897
6350.000 13.241
6360.000 9.959
6370.000 7.967
6380.000 7.248
6390.000 6.169
6400.000 5.726
6410.000 5.032
6420.000 4.514
6430.000 4.311
6440.000 3.945
6450.000 3.782
6460.000 3.562
6470.000 3.320
6480.000 3.214
6490.000 3.046
6500.000 2.975
6510.000 2.865
6520.000 2.754
6530.000 2.722
6540.000 2.652
6550.000 2.616
6560.000 2.544
6570.000 2.540
6580.000 2.518
6590.000 2.489
6600.000 2.469
6610.000 2.484
6620.000 2.473
6630.000 2.495
6640.000 2.534
6650.000 2.561
6660.000 2.635
6670.000 2.681
6680.000 2.723
6690.000 2.798
6700.000 2.873
6710.000 2.970
6720.000 3.176
6730.000 3.247
6740.000 3.471
6750.000 3.578
6760.000 3.837
6770.000 4.209
6780.000 4.443
6790.000 4.933
6800.000 5.248
6810.000 6.003
6820.000 7.091
6830.000 7.786
6840.000 9.694
6850.000 10.990
6860.000 15.096
6870.000 21.152
6880.000 24.561
6890.000 26.637
6900.000 22.962
6910.000 15.090
6920.000 10.894
6930.000 9.524
6940.000 7.645
6950.000 6.936
6960.000 5.872
6970.000 5.138
6980.000 4.824
6990.000 4.308
7000.000 4.078
7010.000 3.750
7020.000 3.467
7030.000 3.353
7040.000 3.161
7050.000 3.069
7060.000 2.900
7070.000 2.794
7080.000 2.739
7090.000 2.637
7100.000 2.610
7110.000 2.533
7120.000 2.475
7130.000 2.467
7140.000 2.452
7150.000 2.433
7160.000 2.385
7170.000 2.391
7180.000 2.399
7190.000 2.391
7200.000 2.421
7210.000 2.418
7220.000 2.474
7230.000 2.515
7240.000 2.560
7250.000 2.605
7260.000 2.686
7270.000 2.780
7280.000 2.861
7290.000 2.981
7300.000 3.058
7310.000 3.272
7320.000 3.517
7330.000 3.652
7340.000 3.987
7350.000 4.126
7360.000 4.611
7370.000 5.258
7380.000 5.630
7390.000 6.580
7400.000 7.201
7410.000 8.891
7420.000 11.576
7430.000 13.509
7440.000 19.291
7450.000 23.160
7460.000 28.557
7470.000 25.592
7480.000 15.831
7490.000 11.065
7500.000 9.576
7510.000 7.565
7520.000 6.854
7530.000 5.809
7540.000 4.981
7550.000 4.689
7560.000 4.184
7570.000 3.965
7580.000 3.680
7590.000 3.373
7600.000 3.246
7610.000 3.050
7620.000 2.958
7630.000 2.792
7640.000 2.688
7650.000 2.613
7660.000 2.553
7670.000 2.498
7680.000 2.418
7690.000 2.356
7700.000 2.363
7710.000 2.331
7720.000 2.313
7730.000 2.290
7740.000 2.261
7750.000 2.263
7760.000 2.240
7770.000 2.300
7780.000 2.342
7790.000 2.342
7800.000 2.370
7810.000 2.425
7820.000 2.442
7830.000 2.540
7840.000 2.656
7850.000 2.721
7860.000 2.833
7870.000 2.916
7880.000 3.098
7890.000 3.305
7900.000 3.477
7910.000 3.745
7920.000 3.937
7930.000 4.288
7940.000 4.609
7950.000 4.827
7960.000 5.625
7970.000 6.180
7980.000 7.534
7990.000 9.519
8000.000 10.919
8010.000 14.981
8020.000 17.928
8030.000 24.708
8040.000 24.220
8050.000 19.034
8060.000 12.455
8070.000 10.544
8080.000 8.047
8090.000 6.503
8100.000 5.950
8110.000 5.280
8120.000 4.944
8130.000 4.398
8140.000 3.961
8150.000 3.770
8160.000 3.454
8170.000 3.356
8180.000 3.078
8190.000 2.917
8200.000 2.831
8210.000 2.710
8220.000 2.628
8230.000 2.535
8240.000 2.461
8250.000 2.435
8260.000 2.412
8270.000 2.378
8280.000 2.343
8290.000 2.318
8300.000 2.297
8310.000 2.285
8320.000 2.306
8330.000 2.278
8340.000 2.304
8350.000 2.313
8360.000 2.350
8370.000 2.347
8380.000 2.403
8390.000 2.480
8400.000 2.494
8410.000 2.556
8420.000 2.651
8430.000 2.789
8440.000 2.990
8450.000 3.076
8460.000 3.250
8470.000 3.348
8480.000 3.656
8490.000 3.989
8500.000 4.213
8510.000 4.680
8520.000 5.007
8530.000 5.758
8540.000 6.794
8550.000 7.482
8560.000 9.361
8570.000 10.647
8580.000 14.166
8590.000 18.937
8600.000 20.825
8610.000 19.214
8620.000 16.102
8630.000 11.909
8640.000 10.027
8650.000 8.715
8660.000 6.941
8670.000 6.320
8680.000 5.354
8690.000 4.941
8700.000 4.397
8710.000 3.937
8720.000 3.754
8730.000 3.454
8740.000 3.332
8750.000 3.075
8760.000 2.900
8770.000 2.793
8780.000 2.663
8790.000 2.584
8800.000 2.499
8810.000 2.427
8820.000 2.372
8830.000 2.349
8840.000 2.278
8850.000 2.258
8860.000 2.194
8870.000 2.190
8880.000 2.137
8890.000 2.194
8900.000 2.190
8910.000 2.166
8920.000 2.214
8930.000 2.242
8940.000 2.264
8950.000 2.297
8960.000 2.338
8970.000 2.362
8980.000 2.474
8990.000 2.480
9000.000 2.614
9010.000 2.739
9020.000 2.834
9030.000 2.999
9040.000 3.142
9050.000 3.367
9060.000 3.662
9070.000 3.825
9080.000 4.246
9090.000 4.539
9100.000 5.215
9110.000 6.139
9120.000 6.724
9130.000 8.332
9140.000 9.467
9150.000 12.689
9160.000 17.625
9170.000 20.379
9180.000 21.850
9190.000 18.919
9200.000 12.555
9210.000 9.134
9220.000 7.985
9230.000 6.382
9240.000 5.769
9250.000 4.895
9260.000 4.297
9270.000 4.008
9280.000 3.572
9290.000 3.439
9300.000 3.126
9310.000 2.905
9320.000 2.787
9330.000 2.626
9340.000 2.524
9350.000 2.390
9360.000 2.305
9370.000 2.252
9380.000 2.187
9390.000 2.155
9400.000 2.086
9410.000 2.023
9420.000 2.047
9430.000 1.980
9440.000 2.001
9450.000 1.976
9460.000 1.969
9470.000 1.943
9480.000 1.966
9490.000 1.970
9500.000 1.991
9510.000 2.000
9520.000 2.036
9530.000 2.076
9540.000 2.123
9550.000 2.174
9560.000 2.283
9570.000 2.283
9580.000 2.423
9590.000 2.473
9600.000 2.611
9610.000 2.794
9620.000 2.883
9630.000 3.128
9640.000 3.275
9650.000 3.593
9660.000 4.059
9670.000 4.294
9680.000 5.021
9690.000 5.421
9700.000 6.612
9710.000 8.380
9720.000 9.652
9730.000 13.022
9740.000 15.138
9750.000 17.848
9760.000 14.585
9770.000 12.307
9780.000 9.544
9790.000 8.496
9800.000 6.715
9810.000 5.455
9820.000 5.000
9830.000 4.225
9840.000 3.920
9850.000 3.486
9860.000 3.296
9870.000 2.995
9880.000 2.769
9890.000 2.635
9900.000 2.478
9910.000 2.403
9920.000 2.265
9930.000 2.156
9940.000 2.084
9950.000 2.023
9960.000 1.971
9970.000 1.914
9980.000 1.894
9990.000 1.861
10000.000 1.836
