410.000 5.762
420.000 6.111
430.000 6.651
440.000 7.088
450.000 7.583
460.000 8.605
470.000 8.818
480.000 9.181
490.000 9.217
500.000 9.229
510.000 8.717
520.000 8.362
530.000 7.760
540.000 7.085
550.000 6.922
560.000 6.465
570.000 6.051
580.000 5.827
590.000 5.614
600.000 5.479
610.000 5.235
620.000 5.064
630.000 4.847
640.000 4.638
650.000 4.549
660.000 4.492
670.000 4.274
680.000 4.523
690.000 4.339
700.000 4.329
710.000 3.996
720.000 4.089
730.000 4.022
740.000 4.076
750.000 4.268
760.000 4.151
770.000 3.674
780.000 3.496
790.000 4.209
800.000 4.656
810.000 4.636
820.000 4.156
830.000 4.016
840.000 4.454
850.000 4.415
860.000 4.635
870.000 4.505
880.000 4.813
890.000 5.153
900.000 5.564
910.000 5.845
920.000 5.918
930.000 7.968
940.000 9.011
950.000 13.308
960.000 17.667
970.000 19.211
980.000 14.001
990.000 10.358
1000.000 6.675
1010.000 4.798
1020.000 4.059
1030.000 3.567
1040.000 3.041
1050.000 2.503
1060.000 2.192
1070.000 2.611
1080.000 1.792
1090.000 1.764
1100.000 1.617
1110.000 1.620
1120.000 1.474
1130.000 1.459
1140.000 1.529
1150.000 1.382
1160.000 1.313
1170.000 1.364
1180.000 1.352
1190.000 1.358
1200.000 1.350
1210.000 1.304
1220.000 1.428
1230.000 1.328
1240.000 1.373
1250.000 1.433
1260.000 1.389
1270.000 1.323
1280.000 1.427
1290.000 1.376
1300.000 1.574
1310.000 1.439
1320.000 1.447
1330.000 1.470
1340.000 1.786
1350.000 1.531
1360.000 1.545
1370.000 1.549
1380.000 1.607
1390.000 1.599
1400.000 1.636
1410.000 1.683
1420.000 1.703
1430.000 1.749
1440.000 1.721
1450.000 1.773
1460.000 1.850
1470.000 1.927
1480.000 1.895
1490.000 1.974
1500.000 2.060
1510.000 2.129
1520.000 2.180
1530.000 2.326
1540.000 2.278
1550.000 2.447
1560.000 2.479
1570.000 2.521
1580.000 2.541
1590.000 2.600
1600.000 2.741
1610.000 2.752
1620.000 2.724
1630.000 2.916
1640.000 2.981
1650.000 3.016
1660.000 3.025
1670.000 3.052
1680.000 3.144
1690.000 3.178
1700.000 3.459
1710.000 3.973
1720.000 4.396
1730.000 5.240
1740.000 5.761
1750.000 7.605
1760.000 8.193
1770.000 8.975
1780.000 10.413
1790.000 11.576
1800.000 13.918
1810.000 16.967
1820.000 18.911
1830.000 23.597
1840.000 26.510
1850.000 32.611
1860.000 37.282
1870.000 37.642
1880.000 33.810
1890.000 30.885
1900.000 25.678
1910.000 21.133
1920.000 19.490
1930.000 17.533
1940.000 16.499
1950.000 14.012
1960.000 12.664
1970.000 12.176
1980.000 11.357
1990.000 10.618
2000.000 9.703
2010.000 9.343
2020.000 8.696
2030.000 8.167
2040.000 7.954
2050.000 7.496
2060.000 7.299
2070.000 6.857
2080.000 6.531
2090.000 6.401
2100.000 6.087
2110.000 5.854
2120.000 5.652
2130.000 5.419
2140.000 5.328
2150.000 5.000
2160.000 4.932
2170.000 4.707
2180.000 4.486
2190.000 4.403
2200.000 4.218
2210.000 4.153
2220.000 3.955
2230.000 3.798
2240.000 3.748
2250.000 3.544
2260.000 3.476
2270.000 3.383
2280.000 3.201
2290.000 3.142
2300.000 3.057
2310.000 3.055
2320.000 2.920
2330.000 2.789
2340.000 2.736
2350.000 2.665
2360.000 2.618
2370.000 2.513
2380.000 2.458
2390.000 2.410
2400.000 2.353
2410.000 2.302
2420.000 2.288
2430.000 2.220
2440.000 2.152
2450.000 2.118
2460.000 2.142
2470.000 2.088
2480.000 2.011
2490.000 1.951
2500.000 1.916
2510.000 1.908
2520.000 1.920
2530.000 1.880
2540.000 1.832
2550.000 1.831
2560.000 1.840
2570.000 1.809
2580.000 1.774
2590.000 1.746
2600.000 1.756
2610.000 1.751
2620.000 1.712
2630.000 1.697
2640.000 1.682
2650.000 1.686
2660.000 1.691
2670.000 1.641
2680.000 1.705
2690.000 1.674
2700.000 1.673
2710.000 1.680
2720.000 1.647
2730.000 1.665
2740.000 1.615
2750.000 1.629
2760.000 1.614
2770.000 1.648
2780.000 1.663
2790.000 1.650
2800.000 1.695
2810.000 1.663
2820.000 1.706
2830.000 1.698
2840.000 1.714
2850.000 1.757
2860.000 1.736
2870.000 1.756
2880.000 1.791
2890.000 1.786
2900.000 1.832
2910.000 1.855
2920.000 1.890
2930.000 1.864
2940.000 1.946
2950.000 1.933
2960.000 2.012
2970.000 2.017
2980.000 2.037
2990.000 2.145
3000.000 2.136
3010.000 2.215
3020.000 2.243
3030.000 2.307
3040.000 2.347
3050.000 2.453
3060.000 2.506
3070.000 2.591
3080.000 2.664
3090.000 2.757
3100.000 2.813
3110.000 2.959
3120.000 3.033
3130.000 3.165
3140.000 3.415
3150.000 3.507
3160.000 3.629
3170.000 3.856
3180.000 4.005
3190.000 4.278
3200.000 4.645
3210.000 4.825
3220.000 5.267
3230.000 5.547
3240.000 6.172
3250.000 6.812
3260.000 7.216
3270.000 8.209
3280.000 8.811
3290.000 10.313
3300.000 12.415
3310.000 13.900
3320.000 17.384
3330.000 20.027
3340.000 27.387
3350.000 38.519
3360.000 44.753
3370.000 46.503
3380.000 39.662
3390.000 26.751
3400.000 19.770
3410.000 17.487
3420.000 14.252
3430.000 13.053
3440.000 11.199
3450.000 9.845
3460.000 9.299
3470.000 8.400
3480.000 8.053
3490.000 7.423
3500.000 6.936
3510.000 6.707
3520.000 6.290
3530.000 6.141
3540.000 5.827
3550.000 5.613
3560.000 5.496
3570.000 5.311
3580.000 5.175
3590.000 5.078
3600.000 4.909
3610.000 4.903
3620.000 4.784
3630.000 4.761
3640.000 4.716
3650.000 4.653
3660.000 4.658
3670.000 4.631
3680.000 4.648
3690.000 4.641
3700.000 4.690
3710.000 4.702
3720.000 4.724
3730.000 4.743
3740.000 4.839
3750.000 4.906
3760.000 4.982
3770.000 5.156
3780.000 5.188
3790.000 5.389
3800.000 5.493
3810.000 5.732
3820.000 5.995
3830.000 6.179
3840.000 6.566
3850.000 6.759
3860.000 7.291
3870.000 7.913
3880.000 8.256
3890.000 9.200
3900.000 9.724
3910.000 11.103
3920.000 13.008
3930.000 14.236
3940.000 17.667
3950.000 19.987
3960.000 26.934
3970.000 37.877
3980.000 44.210
3990.000 46.956
4000.000 39.319
4010.000 24.852
4020.000 17.676
4030.000 15.330
4040.000 12.107
4050.000 10.943
4060.000 9.136
4070.000 7.856
4080.000 7.317
4090.000 6.429
4100.000 6.065
4110.000 5.456
4120.000 4.956
4130.000 4.745
4140.000 4.358
4150.000 4.202
4160.000 3.883
4170.000 3.638
4180.000 3.496
4190.000 3.296
4200.000 3.197
4210.000 3.009
4220.000 2.831
4230.000 2.768
4240.000 2.563
4250.000 2.446
4260.000 2.340
4270.000 2.180
4280.000 2.155
4290.000 2.048
4300.000 2.025
4310.000 1.980
4320.000 1.925
4330.000 1.891
4340.000 1.864
4350.000 1.877
4360.000 1.835
4370.000 1.811
4380.000 1.785
4390.000 1.766
4400.000 1.817
4410.000 1.775
4420.000 1.787
4430.000 1.751
4440.000 1.774
4450.000 1.778
4460.000 1.805
4470.000 1.843
4480.000 1.824
4490.000 1.854
4500.000 1.888
4510.000 1.904
4520.000 1.990
4530.000 2.016
4540.000 2.110
4550.000 2.134
4560.000 2.251
4570.000 2.375
4580.000 2.464
4590.000 2.601
4600.000 2.690
4610.000 2.912
4620.000 3.157
4630.000 3.323
4640.000 3.578
4650.000 3.795
4660.000 4.220
4670.000 4.661
4680.000 4.966
4690.000 5.594
4700.000 6.024
4710.000 6.961
4720.000 8.408
4730.000 9.308
4740.000 11.887
4750.000 13.503
4760.000 16.093
4770.000 13.635
4780.000 10.999
4790.000 7.474
4800.000 6.423
4810.000 5.086
4820.000 4.266
4830.000 3.946
4840.000 3.556
4850.000 3.410
4860.000 3.205
4870.000 3.044
4880.000 3.021
4890.000 2.897
4900.000 2.865
4910.000 2.814
4920.000 2.781
4930.000 2.768
4940.000 2.763
4950.000 2.738
4960.000 2.773
4970.000 2.743
4980.000 2.718
4990.000 2.751
5000.000 2.792
5010.000 2.776
5020.000 2.797
5030.000 2.769
5040.000 2.747
5050.000 2.761
5060.000 2.733
5070.000 2.697
5080.000 2.673
5090.000 2.613
5100.000 2.588
5110.000 2.555
5120.000 2.505
5130.000 2.464
5140.000 2.375
5150.000 2.338
5160.000 2.248
5170.000 2.197
5180.000 2.132
5190.000 2.049
5200.000 1.998
5210.000 1.922
5220.000 1.858
5230.000 1.815
5240.000 1.726
5250.000 1.677
5260.000 1.597
5270.000 1.608
5280.000 1.522
5290.000 1.473
5300.000 1.434
5310.000 1.389
5320.000 1.336
5330.000 1.332
5340.000 1.267
5350.000 1.273
5360.000 1.199
5370.000 1.215
5380.000 1.158
5390.000 1.107
5400.000 1.105
5410.000 1.035
5420.000 1.017
5430.000 1.011
5440.000 0.949
5450.000 0.980
5460.000 0.915
5470.000 0.947
5480.000 0.924
5490.000 0.884
5500.000 0.877
5510.000 0.831
5520.000 0.833
5530.000 0.814
5540.000 0.812
5550.000 0.786
5560.000 0.784
5570.000 0.774
5580.000 0.748
5590.000 0.752
5600.000 0.747
5610.000 0.738
5620.000 0.741
5630.000 0.722
5640.000 0.730
5650.000 0.705
5660.000 0.705
5670.000 0.681
5680.000 0.683
5690.000 0.679
5700.000 0.698
5710.000 0.688
5720.000 0.684
5730.000 0.664
5740.000 0.657
5750.000 0.693
5760.000 0.657
5770.000 0.692
5780.000 0.683
5790.000 0.690
5800.000 0.661
5810.000 0.672
5820.000 0.662
5830.000 0.678
5840.000 0.670
5850.000 0.679
5860.000 0.687
5870.000 0.685
5880.000 0.672
5890.000 0.702
5900.000 0.681
5910.000 0.681
5920.000 0.687
5930.000 0.696
5940.000 0.691
5950.000 0.697
5960.000 0.711
5970.000 0.726
5980.000 0.714
5990.000 0.737
6000.000 0.772
6010.000 0.718
6020.000 0.754
6030.000 0.754
6040.000 0.772
6050.000 0.770
6060.000 0.778
6070.000 0.792
6080.000 0.829
6090.000 0.827
6100.000 0.800
6110.000 0.822
6120.000 0.876
6130.000 0.826
6140.000 0.858
6150.000 0.869
6160.000 0.911
6170.000 0.925
6180.000 0.929
6190.000 0.967
6200.000 0.984
6210.000 0.993
6220.000 1.022
6230.000 1.000
6240.000 1.035
6250.000 1.075
6260.000 1.111
6270.000 1.111
6280.000 1.165
6290.000 1.165
6300.000 1.234
6310.000 1.288
6320.000 1.320
6330.000 1.362
6340.000 1.395
6350.000 1.440
6360.000 1.528
6370.000 1.549
6380.000 1.654
6390.000 1.663
6400.000 1.722
6410.000 1.853
6420.000 1.918
6430.000 2.035
6440.000 2.109
6450.000 2.214
6460.000 2.374
6470.000 2.456
6480.000 2.649
6490.000 2.778
6500.000 3.035
6510.000 3.270
6520.000 3.401
6530.000 3.730
6540.000 3.910
6550.000 4.353
6560.000 4.925
6570.000 5.184
6580.000 5.875
6590.000 6.315
6600.000 7.278
6610.000 8.597
6620.000 9.414
6630.000 11.479
6640.000 12.865
6650.000 16.555
6660.000 22.226
6670.000 26.091
6680.000 35.687
6690.000 39.873
6700.000 39.244
6710.000 29.008
6720.000 24.945
6730.000 19.364
6740.000 17.476
6750.000 14.649
6760.000 12.670
6770.000 11.928
6780.000 10.780
6790.000 10.314
6800.000 9.535
6810.000 8.953
6820.000 8.711
6830.000 8.312
6840.000 8.147
6850.000 7.923
6860.000 7.701
6870.000 7.609
6880.000 7.493
6890.000 7.458
6900.000 7.415
6910.000 7.439
6920.000 7.421
6930.000 7.519
6940.000 7.541
6950.000 7.685
6960.000 7.888
6970.000 8.002
6980.000 8.287
6990.000 8.435
7000.000 8.870
7010.000 9.359
7020.000 9.641
7030.000 10.318
7040.000 10.741
7050.000 11.669
7060.000 12.924
7070.000 13.671
7080.000 15.558
7090.000 16.782
7100.000 19.866
7110.000 24.409
7120.000 27.531
7130.000 36.350
7140.000 42.477
7150.000 56.460
7160.000 59.535
7170.000 51.847
7180.000 34.868
7190.000 29.375
7200.000 22.090
7210.000 17.577
7220.000 15.923
7230.000 13.380
7240.000 12.399
7250.000 10.765
7260.000 9.586
7270.000 9.064
7280.000 8.177
7290.000 7.835
7300.000 7.177
7310.000 6.661
7320.000 6.408
7330.000 6.027
7340.000 5.801
7350.000 5.470
7360.000 5.345
7370.000 5.108
7380.000 4.849
7390.000 4.778
7400.000 4.587
7410.000 4.531
7420.000 4.369
7430.000 4.246
7440.000 4.185
7450.000 4.118
7460.000 4.038
7470.000 4.034
7480.000 3.927
7490.000 3.915
7500.000 3.884
7510.000 3.845
7520.000 3.861
7530.000 3.834
7540.000 3.847
7550.000 3.921
7560.000 3.910
7570.000 3.960
7580.000 4.025
7590.000 4.078
7600.000 4.166
7610.000 4.258
7620.000 4.373
7630.000 4.564
7640.000 4.675
7650.000 4.884
7660.000 5.037
7670.000 5.374
7680.000 5.789
7690.000 6.033
7700.000 6.639
7710.000 7.003
7720.000 7.908
7730.000 9.171
7740.000 9.978
7750.000 12.122
7760.000 13.588
7770.000 17.266
7780.000 21.303
7790.000 22.383
7800.000 19.812
7810.000 16.961
7820.000 12.148
7830.000 9.146
7840.000 8.068
7850.000 6.453
7860.000 5.846
7870.000 4.874
7880.000 4.157
7890.000 3.855
7900.000 3.375
7910.000 3.163
7920.000 2.792
7930.000 2.468
7940.000 2.354
7950.000 2.122
7960.000 1.977
7970.000 1.808
7980.000 1.710
7990.000 1.641
8000.000 1.544
8010.000 1.461
8020.000 1.460
8030.000 1.375
8040.000 1.340
8050.000 1.229
8060.000 1.187
8070.000 1.140
8080.000 1.055
8090.000 1.047
8100.000 0.985
8110.000 0.983
8120.000 0.940
8130.000 0.967
8140.000 0.859
8150.000 0.816
8160.000 0.810
8170.000 0.773
8180.000 0.750
8190.000 0.731
8200.000 0.699
8210.000 0.701
8220.000 0.677
8230.000 0.639
8240.000 0.618
8250.000 0.601
8260.000 0.605
8270.000 0.576
8280.000 0.560
8290.000 0.528
8300.000 0.521
8310.000 0.514
8320.000 0.487
8330.000 0.457
8340.000 0.490
8350.000 0.478
8360.000 0.464
8370.000 0.465
8380.000 0.425
8390.000 0.438
8400.000 0.424
8410.000 0.411
8420.000 0.420
8430.000 0.398
8440.000 0.409
8450.000 0.400
8460.000 0.363
8470.000 0.384
8480.000 0.374
8490.000 0.391
8500.000 0.370
8510.000 0.370
8520.000 0.344
8530.000 0.362
8540.000 0.342
8550.000 0.336
8560.000 0.345
8570.000 0.314
8580.000 0.337
8590.000 0.311
8600.000 0.323
8610.000 0.286
8620.000 0.336
8630.000 0.323
8640.000 0.323
8650.000 0.308
8660.000 0.304
8670.000 0.295
8680.000 0.299
8690.000 0.268
8700.000 0.272
8710.000 0.287
8720.000 0.284
8730.000 0.266
8740.000 0.265
8750.000 0.247
8760.000 0.290
8770.000 0.316
8780.000 0.341
8790.000 0.328
8800.000 0.327
8810.000 0.321
8820.000 0.320
8830.000 0.328
8840.000 0.289
8850.000 0.282
8860.000 0.244
8870.000 0.253
8880.000 0.228
8890.000 0.240
8900.000 0.248
8910.000 0.234
8920.000 0.283
8930.000 0.245
8940.000 0.268
8950.000 0.261
8960.000 0.278
8970.000 0.256
8980.000 0.252
8990.000 0.277
9000.000 0.248
9010.000 0.256
9020.000 0.248
9030.000 0.274
9040.000 0.266
9050.000 0.266
9060.000 0.289
9070.000 0.269
9080.000 0.287
9090.000 0.281
9100.000 0.283
9110.000 0.283
9120.000 0.258
9130.000 0.295
9140.000 0.291
9150.000 0.275
9160.000 0.283
9170.000 0.295
9180.000 0.298
9190.000 0.272
9200.000 0.334
9210.000 0.285
9220.000 0.301
9230.000 0.306
9240.000 0.349
9250.000 0.340
9260.000 0.344
9270.000 0.334
9280.000 0.347
9290.000 0.336
9300.000 0.336
9310.000 0.369
9320.000 0.379
9330.000 0.388
9340.000 0.362
9350.000 0.392
9360.000 0.397
9370.000 0.393
9380.000 0.384
9390.000 0.404
9400.000 0.410
9410.000 0.394
9420.000 0.448
9430.000 0.436
9440.000 0.458
9450.000 0.476
9460.000 0.498
9470.000 0.481
9480.000 0.483
9490.000 0.535
9500.000 0.503
9510.000 0.545
9520.000 0.567
9530.000 0.586
9540.000 0.593
9550.000 0.563
9560.000 0.631
9570.000 0.676
9580.000 0.670
9590.000 0.667
9600.000 0.720
9610.000 0.750
9620.000 0.778
9630.000 0.815
9640.000 0.830
9650.000 0.841
9660.000 0.940
9670.000 0.997
9680.000 0.980
9690.000 1.025
9700.000 1.075
9710.000 1.171
9720.000 1.227
9730.000 1.231
9740.000 1.366
9750.000 1.412
9760.000 1.504
9770.000 1.632
9780.000 1.681
9790.000 1.870
9800.000 1.942
9810.000 2.115
9820.000 2.313
9830.000 2.452
9840.000 2.747
9850.000 2.879
9860.000 3.262
9870.000 3.733
9880.000 4.002
9890.000 4.667
9900.000 5.094
9910.000 6.087
9920.000 7.513
9930.000 8.403
9940.000 10.901
9950.000 12.620
9960.000 17.260
9970.000 22.932
9980.000 24.901
9990.000 22.974
10000.000 19.970
10010.000 14.996
10020.000 11.949
10030.000 10.865
10040.000 9.246
10050.000 8.631
10060.000 7.738
10070.000 7.036
10080.000 6.762
10090.000 6.344
10100.000 6.150
10110.000 5.857
10120.000 5.614
10130.000 5.554
10140.000 5.395
10150.000 5.344
10160.000 5.268
10170.000 5.249
10180.000 5.252
10190.000 5.247
10200.000 5.306
10210.000 5.372
10220.000 5.509
10230.000 5.553
10240.000 5.763
10250.000 5.858
10260.000 6.153
10270.000 6.471
10280.000 6.705
10290.000 7.164
10300.000 7.450
10310.000 8.150
10320.000 9.000
10330.000 9.608
10340.000 10.951
10350.000 11.777
10360.000 13.851
10370.000 15.169
10380.000 18.423
10390.000 22.272
10400.000 23.968
10410.000 25.248
10420.000 24.228
10430.000 19.975
10440.000 15.790
10450.000 14.138
10460.000 11.583
10470.000 10.591
10480.000 9.069
10490.000 7.967
10500.000 7.492
10510.000 6.777
10520.000 6.445
10530.000 5.954
10540.000 5.567
10550.000 5.384
10560.000 5.070
10570.000 4.967
10580.000 4.634
10590.000 4.330
10600.000 4.242
10610.000 4.011
10620.000 3.910
10630.000 3.788
10640.000 3.642
10650.000 3.578
10660.000 3.493
10670.000 3.461
10680.000 3.324
10690.000 3.191
10700.000 3.201
10710.000 3.145
10720.000 3.142
10730.000 3.124
10740.000 3.159
10750.000 3.174
10760.000 3.218
10770.000 3.259
10780.000 3.346
10790.000 3.423
10800.000 3.479
10810.000 3.645
10820.000 3.730
10830.000 3.937
10840.000 4.170
10850.000 4.379
10860.000 4.775
10870.000 5.001
10880.000 5.637
10890.000 6.413
10900.000 6.888
10910.000 7.960
10920.000 8.580
10930.000 9.909
10940.000 11.417
10950.000 11.813
10960.000 10.890
10970.000 9.721
10980.000 7.360
10990.000 5.696
11000.000 5.021
11010.000 4.077
11020.000 3.706
11030.000 3.097
11040.000 2.667
11050.000 2.476
11060.000 2.170
11070.000 2.037
11080.000 1.804
11090.000 1.601
11100.000 1.541
11110.000 1.381
11120.000 1.342
11130.000 1.207
11140.000 1.140
11150.000 1.073
11160.000 0.991
11170.000 0.963
11180.000 0.897
11190.000 0.832
11200.000 0.785
11210.000 0.753
11220.000 0.731
11230.000 0.683
11240.000 0.645
11250.000 0.624
11260.000 0.636
11270.000 0.576
11280.000 0.546
11290.000 0.521
11300.000 0.509
11310.000 0.491
11320.000 0.473
11330.000 0.458
11340.000 0.449
11350.000 0.452
11360.000 0.427
11370.000 0.412
11380.000 0.378
11390.000 0.374
11400.000 0.358
11410.000 0.350
11420.000 0.347
11430.000 0.353
11440.000 0.351
11450.000 0.334
11460.000 0.296
11470.000 0.311
11480.000 0.296
11490.000 0.284
11500.000 0.282
11510.000 0.296
11520.000 0.277
11530.000 0.259
11540.000 0.257
11550.000 0.253
11560.000 0.238
11570.000 0.253
11580.000 0.232
11590.000 0.248
11600.000 0.252
11610.000 0.226
11620.000 0.239
11630.000 0.244
11640.000 0.233
11650.000 0.231
11660.000 0.218
11670.000 0.224
11680.000 0.203
11690.000 0.213
11700.000 0.231
11710.000 0.207
11720.000 0.212
11730.000 0.194
11740.000 0.200
11750.000 0.197
11760.000 0.210
11770.000 0.222
11780.000 0.201
11790.000 0.201
11800.000 0.182
11810.000 0.182
11820.000 0.197
11830.000 0.188
11840.000 0.175
11850.000 0.167
11860.000 0.205
11870.000 0.171
11880.000 0.171
11890.000 0.184
11900.000 0.188
11910.000 0.183
11920.000 0.176
11930.000 0.169
11940.000 0.169
11950.000 0.169
11960.000 0.168
11970.000 0.173
11980.000 0.171
11990.000 0.179
12000.000 0.168
