410.000 9.323
420.000 18.241
430.000 15.893
440.000 16.917
450.000 21.577
460.000 29.966
470.000 33.879
480.000 40.091
490.000 41.783
500.000 39.818
510.000 36.650
520.000 32.590
530.000 26.398
540.000 23.369
550.000 18.296
560.000 13.904
570.000 12.386
580.000 10.612
590.000 9.507
600.000 8.311
610.000 7.194
620.000 6.376
630.000 5.616
640.000 5.251
650.000 4.795
660.000 4.455
670.000 4.151
680.000 3.944
690.000 3.828
700.000 3.475
710.000 3.192
720.000 3.117
730.000 2.904
740.000 3.044
750.000 2.877
760.000 2.589
770.000 2.560
780.000 2.463
790.000 2.477
800.000 2.342
810.000 2.405
820.000 2.569
830.000 2.510
840.000 2.517
850.000 2.599
860.000 2.479
870.000 2.831
880.000 2.875
890.000 2.669
900.000 2.974
910.000 3.534
920.000 3.990
930.000 4.942
940.000 5.025
950.000 7.465
960.000 8.464
970.000 7.619
980.000 4.620
990.000 3.773
1000.000 2.972
1010.000 2.143
1020.000 2.084
1030.000 1.543
1040.000 1.532
1050.000 1.375
1060.000 1.125
1070.000 0.967
1080.000 0.896
1090.000 0.855
1100.000 0.789
1110.000 1.007
1120.000 0.807
1130.000 0.839
1140.000 0.828
1150.000 0.778
1160.000 0.857
1170.000 0.855
1180.000 0.894
1190.000 0.913
1200.000 1.085
1210.000 0.987
1220.000 1.067
1230.000 1.033
1240.000 1.137
1250.000 1.190
1260.000 1.256
1270.000 1.398
1280.000 1.526
1290.000 1.530
1300.000 1.681
1310.000 1.866
1320.000 2.050
1330.000 2.396
1340.000 2.536
1350.000 3.024
1360.000 3.406
1370.000 4.365
1380.000 5.647
1390.000 6.332
1400.000 9.022
1410.000 10.861
1420.000 14.973
1430.000 14.100
1440.000 11.285
1450.000 7.751
1460.000 6.844
1470.000 5.404
1480.000 4.484
1490.000 4.132
1500.000 3.702
1510.000 3.493
1520.000 3.148
1530.000 3.006
1540.000 2.869
1550.000 2.690
1560.000 2.651
1570.000 2.502
1580.000 2.411
1590.000 2.357
1600.000 2.331
1610.000 2.245
1620.000 2.261
1630.000 2.148
1640.000 2.149
1650.000 2.129
1660.000 2.083
1670.000 2.053
1680.000 2.020
1690.000 2.045
1700.000 2.141
1710.000 2.194
1720.000 2.638
1730.000 3.083
1740.000 3.363
1750.000 3.870
1760.000 4.224
1770.000 4.977
1780.000 5.684
1790.000 6.223
1800.000 7.511
1810.000 8.207
1820.000 10.238
1830.000 13.215
1840.000 15.158
1850.000 20.409
1860.000 22.654
1870.000 25.930
1880.000 22.028
1890.000 19.163
1900.000 14.724
1910.000 13.188
1920.000 10.820
1930.000 9.121
1940.000 8.533
1950.000 7.551
1960.000 7.120
1970.000 6.510
1980.000 6.038
1990.000 5.867
2000.000 5.481
2010.000 5.386
2020.000 5.101
2030.000 4.879
2040.000 4.769
2050.000 4.704
2060.000 4.568
2070.000 4.522
2080.000 4.413
2090.000 4.384
2100.000 4.391
2110.000 4.419
2120.000 4.404
2130.000 4.567
2140.000 4.546
2150.000 4.660
2160.000 4.694
2170.000 4.888
2180.000 5.209
2190.000 5.354
2200.000 5.835
2210.000 6.010
2220.000 6.764
2230.000 7.691
2240.000 8.427
2250.000 10.339
2260.000 11.641
2270.000 15.304
2280.000 19.743
2290.000 20.616
2300.000 15.889
2310.000 12.569
2320.000 8.453
2330.000 6.169
2340.000 5.301
2350.000 4.190
2360.000 3.763
2370.000 3.126
2380.000 2.875
2390.000 2.445
2400.000 2.109
2410.000 1.969
2420.000 1.759
2430.000 1.586
2440.000 1.480
2450.000 1.302
2460.000 1.280
2470.000 1.147
2480.000 1.086
2490.000 1.015
2500.000 0.938
2510.000 0.896
2520.000 0.854
2530.000 0.775
2540.000 0.774
2550.000 0.713
2560.000 0.664
2570.000 0.686
2580.000 0.633
2590.000 0.617
2600.000 0.558
2610.000 0.573
2620.000 0.548
2630.000 0.552
2640.000 0.494
2650.000 0.526
2660.000 0.475
2670.000 0.448
2680.000 0.455
2690.000 0.424
2700.000 0.423
2710.000 0.422
2720.000 0.449
2730.000 0.372
2740.000 0.414
2750.000 0.392
2760.000 0.411
2770.000 0.362
2780.000 0.375
2790.000 0.424
2800.000 0.382
2810.000 0.396
2820.000 0.413
2830.000 0.379
2840.000 0.388
2850.000 0.369
2860.000 0.367
2870.000 0.379
2880.000 0.386
2890.000 0.431
2900.000 0.391
2910.000 0.402
2920.000 0.439
2930.000 0.410
2940.000 0.426
2950.000 0.439
2960.000 0.450
2970.000 0.466
2980.000 0.464
2990.000 0.478
3000.000 0.523
3010.000 0.516
3020.000 0.533
3030.000 0.569
3040.000 0.566
3050.000 0.614
3060.000 0.630
3070.000 0.648
3080.000 0.670
3090.000 0.743
3100.000 0.784
3110.000 0.801
3120.000 0.879
3130.000 0.889
3140.000 0.973
3150.000 1.069
3160.000 1.150
3170.000 1.213
3180.000 1.269
3190.000 1.441
3200.000 1.610
3210.000 1.715
3220.000 1.957
3230.000 2.108
3240.000 2.483
3250.000 2.907
3260.000 3.179
3270.000 3.927
3280.000 4.377
3290.000 5.554
3300.000 7.438
3310.000 8.776
3320.000 12.715
3330.000 15.520
3340.000 21.180
3350.000 20.728
3360.000 17.753
3370.000 13.178
3380.000 11.706
3390.000 9.860
3400.000 8.745
3410.000 8.375
3420.000 7.861
3430.000 7.739
3440.000 7.576
3450.000 7.647
3460.000 7.723
3470.000 8.029
3480.000 8.278
3490.000 9.005
3500.000 10.036
3510.000 10.716
3520.000 12.477
3530.000 13.924
3540.000 17.138
3550.000 19.221
3560.000 23.628
3570.000 25.170
3580.000 23.465
3590.000 17.832
3600.000 15.401
3610.000 11.858
3620.000 9.483
3630.000 8.700
3640.000 7.381
3650.000 6.896
3660.000 6.107
3670.000 5.495
3680.000 5.206
3690.000 4.828
3700.000 4.681
3710.000 4.417
3720.000 4.187
3730.000 4.138
3740.000 3.994
3750.000 3.958
3760.000 3.863
3770.000 3.878
3780.000 3.873
3790.000 3.916
3800.000 3.934
3810.000 4.047
3820.000 4.205
3830.000 4.324
3840.000 4.597
3850.000 4.717
3860.000 5.141
3870.000 5.704
3880.000 6.066
3890.000 6.969
3900.000 7.543
3910.000 9.179
3920.000 11.661
3930.000 13.419
3940.000 17.914
3950.000 20.127
3960.000 20.669
3970.000 15.031
3980.000 12.448
3990.000 9.177
4000.000 8.059
4010.000 6.480
4020.000 5.443
4030.000 4.981
4040.000 4.374
4050.000 4.096
4060.000 3.700
4070.000 3.366
4080.000 3.242
4090.000 3.053
4100.000 2.949
4110.000 2.786
4120.000 2.676
4130.000 2.628
4140.000 2.549
4150.000 2.562
4160.000 2.487
4170.000 2.489
4180.000 2.466
4190.000 2.519
4200.000 2.508
4210.000 2.562
4220.000 2.639
4230.000 2.680
4240.000 2.747
4250.000 2.805
4260.000 2.936
4270.000 3.134
4280.000 3.357
4290.000 3.756
4300.000 4.072
4310.000 4.916
4320.000 6.090
4330.000 6.945
4340.000 9.209
4350.000 10.563
4360.000 12.234
4370.000 9.985
4380.000 8.259
4390.000 5.921
4400.000 5.181
4410.000 4.065
4420.000 3.382
4430.000 3.116
4440.000 2.695
4450.000 2.543
4460.000 2.285
4470.000 2.058
4480.000 2.011
4490.000 1.925
4500.000 1.854
4510.000 1.767
4520.000 1.756
4530.000 1.700
4540.000 1.704
4550.000 1.681
4560.000 1.674
4570.000 1.715
4580.000 1.743
4590.000 1.785
4600.000 1.813
4610.000 1.865
4620.000 2.034
4630.000 2.129
4640.000 2.319
4650.000 2.480
4660.000 2.713
4670.000 3.081
4680.000 3.253
4690.000 3.793
4700.000 4.215
4710.000 5.156
4720.000 5.868
4730.000 7.663
4740.000 9.152
4750.000 8.881
4760.000 6.174
4770.000 4.933
4780.000 3.500
4790.000 2.688
4800.000 2.438
4810.000 2.143
4820.000 1.991
4830.000 1.797
4840.000 1.727
4850.000 1.717
4860.000 1.698
4870.000 1.674
4880.000 1.738
4890.000 1.775
4900.000 1.793
4910.000 1.904
4920.000 1.998
4930.000 2.123
4940.000 2.288
4950.000 2.410
4960.000 2.699
4970.000 2.855
4980.000 3.311
4990.000 3.862
5000.000 4.268
5010.000 5.292
5020.000 5.969
5030.000 7.969
5040.000 10.524
5050.000 11.503
5060.000 10.510
5070.000 8.748
5080.000 5.942
5090.000 4.293
5100.000 3.768
5110.000 2.929
5120.000 2.634
5130.000 2.161
5140.000 1.757
5150.000 1.606
5160.000 1.401
5170.000 1.304
5180.000 1.118
5190.000 0.953
5200.000 0.892
5210.000 0.809
5220.000 0.741
5230.000 0.627
5240.000 0.580
5250.000 0.553
5260.000 0.507
5270.000 0.445
5280.000 0.399
5290.000 0.340
5300.000 0.338
5310.000 0.297
5320.000 0.287
5330.000 0.278
5340.000 0.226
5350.000 0.212
5360.000 0.224
5370.000 0.189
5380.000 0.198
5390.000 0.168
5400.000 0.177
5410.000 0.137
5420.000 0.137
5430.000 0.145
5440.000 0.123
5450.000 0.109
5460.000 0.111
5470.000 0.096
5480.000 0.103
5490.000 0.078
5500.000 0.102
5510.000 0.075
5520.000 0.061
5530.000 0.070
5540.000 0.085
5550.000 0.087
5560.000 0.087
5570.000 0.067
5580.000 0.069
5590.000 0.054
5600.000 0.072
5610.000 0.073
5620.000 0.077
5630.000 0.062
5640.000 0.078
5650.000 0.084
5660.000 0.055
5670.000 0.038
5680.000 0.065
5690.000 0.078
5700.000 0.072
5710.000 0.058
5720.000 0.049
5730.000 0.086
5740.000 0.060
5750.000 0.070
5760.000 0.072
5770.000 0.063
5780.000 0.076
5790.000 0.046
5800.000 0.063
5810.000 0.052
5820.000 0.072
5830.000 0.050
5840.000 0.067
5850.000 0.070
5860.000 0.073
5870.000 0.078
5880.000 0.075
5890.000 0.063
5900.000 0.058
5910.000 0.031
5920.000 0.060
5930.000 0.087
5940.000 0.036
5950.000 0.051
5960.000 0.079
5970.000 0.085
5980.000 0.070
5990.000 0.066
6000.000 0.073
6010.000 0.082
6020.000 0.071
6030.000 0.064
6040.000 0.056
6050.000 0.082
6060.000 0.070
6070.000 0.052
6080.000 0.086
6090.000 0.081
6100.000 0.083
6110.000 0.052
6120.000 0.076
6130.000 0.106
6140.000 0.078
6150.000 0.068
6160.000 0.080
6170.000 0.081
6180.000 0.084
6190.000 0.114
6200.000 0.081
6210.000 0.090
6220.000 0.105
6230.000 0.131
6240.000 0.118
6250.000 0.102
6260.000 0.112
6270.000 0.142
6280.000 0.157
6290.000 0.119
6300.000 0.148
6310.000 0.180
6320.000 0.188
6330.000 0.193
6340.000 0.221
6350.000 0.220
6360.000 0.226
6370.000 0.224
6380.000 0.270
6390.000 0.278
6400.000 0.297
6410.000 0.364
6420.000 0.369
6430.000 0.421
6440.000 0.438
6450.000 0.497
6460.000 0.531
6470.000 0.578
6480.000 0.678
6490.000 0.722
6500.000 0.875
6510.000 0.933
6520.000 1.117
6530.000 1.330
6540.000 1.481
6550.000 1.787
6560.000 1.982
6570.000 2.478
6580.000 3.170
6590.000 3.681
6600.000 5.005
6610.000 5.957
6620.000 8.765
6630.000 13.215
6640.000 15.759
6650.000 17.942
6660.000 16.444
6670.000 12.874
6680.000 10.923
6690.000 10.378
6700.000 9.711
6710.000 9.614
6720.000 9.689
6730.000 10.243
6740.000 10.705
6750.000 11.983
6760.000 12.924
6770.000 15.596
6780.000 19.840
6790.000 22.801
6800.000 29.496
6810.000 31.946
6820.000 29.169
6830.000 20.810
6840.000 17.769
6850.000 13.702
6860.000 12.288
6870.000 10.298
6880.000 8.954
6890.000 8.450
6900.000 7.675
6910.000 7.410
6920.000 6.999
6930.000 6.683
6940.000 6.592
6950.000 6.510
6960.000 6.458
6970.000 6.553
6980.000 6.749
6990.000 6.867
7000.000 7.265
7010.000 7.509
7020.000 8.192
7030.000 9.137
7040.000 9.755
7050.000 11.363
7060.000 12.431
7070.000 15.343
7080.000 19.397
7090.000 21.747
7100.000 25.421
7110.000 25.122
7120.000 20.452
7130.000 15.326
7140.000 13.499
7150.000 10.769
7160.000 9.830
7170.000 8.332
7180.000 7.300
7190.000 6.885
7200.000 6.233
7210.000 5.927
7220.000 5.553
7230.000 5.254
7240.000 5.135
7250.000 4.973
7260.000 4.887
7270.000 4.841
7280.000 4.812
7290.000 4.856
7300.000 4.918
7310.000 5.006
7320.000 5.205
7330.000 5.489
7340.000 5.682
7350.000 6.167
7360.000 6.478
7370.000 7.286
7380.000 8.474
7390.000 9.282
7400.000 11.277
7410.000 12.680
7420.000 16.196
7430.000 19.617
7440.000 20.164
7450.000 17.166
7460.000 14.793
7470.000 10.938
7480.000 8.545
7490.000 7.718
7500.000 6.442
7510.000 5.926
7520.000 5.217
7530.000 4.650
7540.000 4.443
7550.000 4.072
7560.000 3.972
7570.000 3.740
7580.000 3.533
7590.000 3.473
7600.000 3.397
7610.000 3.407
7620.000 3.378
7630.000 3.409
7640.000 3.466
7650.000 3.573
7660.000 3.672
7670.000 3.857
7680.000 4.226
7690.000 4.488
7700.000 5.086
7710.000 5.457
7720.000 6.519
7730.000 7.199
7740.000 9.050
7750.000 11.218
7760.000 11.920
7770.000 11.204
7780.000 9.829
7790.000 7.191
7800.000 5.485
7810.000 4.865
7820.000 4.000
7830.000 3.686
7840.000 3.192
7850.000 2.813
7860.000 2.685
7870.000 2.480
7880.000 2.391
7890.000 2.245
7900.000 2.198
7910.000 2.171
7920.000 2.166
7930.000 2.192
7940.000 2.252
7950.000 2.433
7960.000 2.549
7970.000 2.931
7980.000 3.130
7990.000 3.518
8000.000 3.534
8010.000 3.293
8020.000 2.687
8030.000 2.196
8040.000 1.511
8050.000 1.364
8060.000 1.288
8070.000 0.934
8080.000 0.826
8090.000 0.621
8100.000 0.494
8110.000 0.467
8120.000 0.383
8130.000 0.360
8140.000 0.291
8150.000 0.281
8160.000 0.253
8170.000 0.231
8180.000 0.197
8190.000 0.184
8200.000 0.161
8210.000 0.173
8220.000 0.148
8230.000 0.103
8240.000 0.139
8250.000 0.115
8260.000 0.095
8270.000 0.117
8280.000 0.094
8290.000 0.114
8300.000 0.081
8310.000 0.093
8320.000 0.060
8330.000 0.062
8340.000 0.081
8350.000 0.080
8360.000 0.090
8370.000 0.064
8380.000 0.052
8390.000 0.088
8400.000 0.050
8410.000 0.057
8420.000 0.080
8430.000 0.047
8440.000 0.065
8450.000 0.051
8460.000 0.040
8470.000 0.050
8480.000 0.075
8490.000 0.065
8500.000 0.083
8510.000 0.073
8520.000 0.054
8530.000 0.075
8540.000 0.073
8550.000 0.040
8560.000 0.062
8570.000 0.073
8580.000 0.073
8590.000 0.064
8600.000 0.049
8610.000 0.057
8620.000 0.044
8630.000 0.068
8640.000 0.044
8650.000 0.060
8660.000 0.047
8670.000 0.050
8680.000 0.043
8690.000 0.067
8700.000 0.038
8710.000 0.051
8720.000 0.044
8730.000 0.062
8740.000 0.037
8750.000 0.043
8760.000 0.047
8770.000 0.074
8780.000 0.034
8790.000 0.071
8800.000 0.055
8810.000 0.052
8820.000 0.038
8830.000 0.027
8840.000 0.058
8850.000 0.047
8860.000 0.066
8870.000 0.023
8880.000 0.044
8890.000 0.038
8900.000 0.048
8910.000 0.040
8920.000 0.074
8930.000 0.048
8940.000 0.033
8950.000 0.040
8960.000 0.062
8970.000 0.064
8980.000 0.063
8990.000 0.082
9000.000 0.094
9010.000 0.091
9020.000 0.053
9030.000 0.063
9040.000 0.048
9050.000 0.049
9060.000 0.067
9070.000 0.037
9080.000 0.027
9090.000 0.050
9100.000 0.041
9110.000 0.038
9120.000 0.069
9130.000 0.061
9140.000 0.057
9150.000 0.045
9160.000 0.063
9170.000 0.086
9180.000 0.052
9190.000 0.067
9200.000 0.052
9210.000 0.056
9220.000 0.086
9230.000 0.090
9240.000 0.080
9250.000 0.058
9260.000 0.075
9270.000 0.037
9280.000 0.046
9290.000 0.059
9300.000 0.052
9310.000 0.048
9320.000 0.075
9330.000 0.091
9340.000 0.047
9350.000 0.086
9360.000 0.043
9370.000 0.085
9380.000 0.067
9390.000 0.102
9400.000 0.067
9410.000 0.059
9420.000 0.067
9430.000 0.070
9440.000 0.083
9450.000 0.054
9460.000 0.070
9470.000 0.061
9480.000 0.076
9490.000 0.070
9500.000 0.065
9510.000 0.080
9520.000 0.064
9530.000 0.088
9540.000 0.087
9550.000 0.080
9560.000 0.090
9570.000 0.097
9580.000 0.113
9590.000 0.131
9600.000 0.101
9610.000 0.144
9620.000 0.130
9630.000 0.157
9640.000 0.110
9650.000 0.171
9660.000 0.166
9670.000 0.200
9680.000 0.187
9690.000 0.208
9700.000 0.232
9710.000 0.269
9720.000 0.295
9730.000 0.315
9740.000 0.345
9750.000 0.388
9760.000 0.439
9770.000 0.498
9780.000 0.527
9790.000 0.674
9800.000 0.747
9810.000 0.872
9820.000 1.132
9830.000 1.297
9840.000 1.675
9850.000 1.958
9860.000 2.707
9870.000 3.964
9880.000 4.901
9890.000 7.306
9900.000 8.455
9910.000 8.722
9920.000 7.097
9930.000 6.476
9940.000 5.723
9950.000 5.497
9960.000 5.298
9970.000 5.421
9980.000 5.536
9990.000 5.987
10000.000 6.324
10010.000 7.357
10020.000 8.864
10030.000 9.950
10040.000 12.789
10050.000 14.479
10060.000 17.064
10070.000 17.002
10080.000 13.749
10090.000 10.500
10100.000 9.383
10110.000 7.745
10120.000 7.118
10130.000 6.304
10140.000 5.725
10150.000 5.542
10160.000 5.241
10170.000 5.185
10180.000 5.081
10190.000 5.096
10200.000 5.134
10210.000 5.360
10220.000 5.482
10230.000 5.871
10240.000 6.449
10250.000 6.837
10260.000 7.871
10270.000 8.500
10280.000 10.235
10290.000 12.529
10300.000 13.824
10310.000 15.616
10320.000 15.526
10330.000 13.262
10340.000 10.372
10350.000 9.241
10360.000 7.475
10370.000 6.811
10380.000 5.851
10390.000 5.163
10400.000 4.906
10410.000 4.463
10420.000 4.287
10430.000 4.069
10440.000 3.882
10450.000 3.851
10460.000 3.795
10470.000 3.802
10480.000 3.861
10490.000 4.000
10500.000 4.139
10510.000 4.399
10520.000 4.593
10530.000 5.026
10540.000 5.668
10550.000 6.053
10560.000 6.852
10570.000 7.286
10580.000 8.351
10590.000 9.713
10600.000 10.464
10610.000 11.501
10620.000 11.629
10630.000 10.580
10640.000 8.476
10650.000 7.556
10660.000 6.024
10670.000 5.494
10680.000 4.644
10690.000 4.074
10700.000 3.817
10710.000 3.461
10720.000 3.323
10730.000 3.141
10740.000 3.031
10750.000 2.944
10760.000 2.914
10770.000 2.874
10780.000 2.909
10790.000 3.000
10800.000 3.046
10810.000 3.182
10820.000 3.279
10830.000 3.567
10840.000 3.999
10850.000 4.284
10860.000 4.965
10870.000 5.444
10880.000 6.435
10890.000 7.015
10900.000 6.967
10910.000 5.987
10920.000 5.307
10930.000 4.108
10940.000 3.340
10950.000 3.048
10960.000 2.582
10970.000 2.373
10980.000 2.111
10990.000 1.920
11000.000 1.858
11010.000 1.766
11020.000 1.751
11030.000 1.732
11040.000 1.794
11050.000 1.780
11060.000 1.882
11070.000 1.958
11080.000 2.163
11090.000 2.404
11100.000 2.523
11110.000 2.508
11120.000 2.318
11130.000 1.720
11140.000 1.221
11150.000 1.044
11160.000 0.770
11170.000 0.671
11180.000 0.528
11190.000 0.426
11200.000 0.409
11210.000 0.319
11220.000 0.306
11230.000 0.229
11240.000 0.202
11250.000 0.197
11260.000 0.168
11270.000 0.162
11280.000 0.146
11290.000 0.153
11300.000 0.129
11310.000 0.104
11320.000 0.098
11330.000 0.122
11340.000 0.117
11350.000 0.095
11360.000 0.107
11370.000 0.098
11380.000 0.074
11390.000 0.069
11400.000 0.079
11410.000 0.071
11420.000 0.069
11430.000 0.065
11440.000 0.047
11450.000 0.063
11460.000 0.070
11470.000 0.053
11480.000 0.056
11490.000 0.044
11500.000 0.052
11510.000 0.058
11520.000 0.076
11530.000 0.065
11540.000 0.051
11550.000 0.060
11560.000 0.047
11570.000 0.050
11580.000 0.046
11590.000 0.068
11600.000 0.082
11610.000 0.048
11620.000 0.050
11630.000 0.072
11640.000 0.067
11650.000 0.050
11660.000 0.045
11670.000 0.046
11680.000 0.056
11690.000 0.081
11700.000 0.061
11710.000 0.048
11720.000 0.052
11730.000 0.056
11740.000 0.036
11750.000 0.035
11760.000 0.037
11770.000 0.051
11780.000 0.061
11790.000 0.065
11800.000 0.056
11810.000 0.042
11820.000 0.050
11830.000 0.044
11840.000 0.035
11850.000 0.042
11860.000 0.049
11870.000 0.049
11880.000 0.045
11890.000 0.054
11900.000 0.049
11910.000 0.042
11920.000 0.032
11930.000 0.056
11940.000 0.079
11950.000 0.048
11960.000 0.063
11970.000 0.059
11980.000 0.060
11990.000 0.052
12000.000 0.056
